# relative_time, cycles_done, cur_item, corpus_count, pending_total, pending_favs, map_size, saved_crashes, saved_hangs, max_depth, execs_per_sec, total_execs, edges_found, total_crashes, servers_count
62, 0, 10, 24, 21, 9, 5.91%, 0, 9, 3, 45.53, 10419, 508, 0, 0
67, 0, 10, 24, 21, 9, 5.91%, 0, 9, 3, 45.48, 10648, 508, 0, 0
72, 0, 10, 27, 24, 9, 5.92%, 1, 12, 3, 206.99, 10996, 509, 3, 0
77, 0, 14, 27, 23, 9, 5.92%, 1, 13, 3, 176.92, 11838, 509, 8, 0
83, 0, 25, 27, 22, 8, 5.92%, 1, 13, 3, 255.99, 13294, 509, 8, 0
88, 0, 25, 27, 22, 8, 5.92%, 1, 13, 3, 308.87, 14125, 509, 8, 0
93, 0, 25, 28, 23, 8, 5.92%, 1, 13, 4, 88.73, 14525, 509, 8, 0
98, 0, 27, 28, 22, 7, 5.92%, 1, 13, 4, 156.88, 15625, 509, 8, 0
103, 0, 27, 28, 22, 7, 5.92%, 1, 13, 4, 70.80, 15857, 509, 8, 0
108, 0, 27, 28, 22, 7, 5.92%, 1, 13, 4, 51.17, 16085, 509, 8, 0
113, 0, 27, 28, 22, 7, 5.92%, 1, 13, 4, 46.75, 16314, 509, 8, 0
118, 0, 27, 31, 25, 7, 5.92%, 1, 13, 5, 93.01, 16731, 509, 8, 0
123, 0, 27, 35, 29, 7, 5.92%, 1, 13, 5, 143.13, 17529, 509, 8, 0
128, 0, 27, 35, 29, 7, 5.92%, 1, 13, 5, 141.23, 18229, 509, 8, 0
134, 0, 27, 36, 30, 7, 5.92%, 1, 13, 5, 138.74, 18928, 509, 8, 0
139, 0, 27, 36, 30, 7, 5.92%, 1, 13, 5, 145.79, 19678, 509, 8, 0
144, 0, 27, 38, 32, 7, 5.96%, 1, 13, 5, 145.47, 20418, 512, 8, 0
146, 0, 27, 39, 33, 7, 5.96%, 1, 13, 5, 144.90, 20723, 512, 8, 0
